100	-98.5143
1000	-96.5143
1001	-96.5143
1002	-96.5143
1003	-96.5143
1004	-96.5143
1005	-96.7153
1006	-96.7153
1007	-96.7153
1008	-96.7153
1009	-96.6323
1010	-96.6323
1011	-96.6323
1012	-96.6323
1013	-96.6323
1014	-96.4033
1015	-96.4033
1016	-96.4033
1017	-96.4033
1018	-96.4033
1019	-96.3693
1020	-96.3693
1021	-96.3693
1022	-96.3693
1023	-96.3693
1024	-96.1563
1025	-96.1563
1026	-96.1563
1027	-96.1563
1028	-96.1563
1029	-96.0443
1030	-96.0443
1031	-96.0443
1032	-96.0443
1033	-96.0443
1034	-96.6053
1035	-96.6053
1036	-96.6053
1037	-96.6053
1038	-96.6053
1039	-97.0013
1040	-97.0013
1041	-97.0013
1042	-97.0013
1043	-97.0013
1044	-96.8793
1045	-96.8793
1046	-96.8793
1047	-96.8793
1048	-96.7663
1049	-96.7663
1050	-96.7663
1051	-96.7663
1052	-96.7663
1053	-96.2513
1054	-96.2513
1055	-96.2513
1056	-96.2513
1057	-96.2513
1058	-96.2513
1059	-96.2513
1060	-96.2513
1061	-96.2513
1062	-96.2513
1063	-95.9813
1064	-95.9813
1065	-95.9813
1066	-95.9813
1067	-95.9813
1068	-96.2833
1069	-96.2833
1070	-96.2833
1071	-96.2833
1072	-96.2833
1073	-96.2943
1074	-96.2943
1075	-96.2943
1076	-96.2943
1077	-96.2943
1078	-96.4763
1079	-96.4763
1080	-96.4763
1081	-96.4763
1082	-96.4763
1083	-95.9013
1084	-95.9013
1085	-95.9013
1086	-95.9013
1087	-95.9013
1088	-95.9503
1089	-95.9503
1090	-95.9503
1091	-95.9503
1092	-96.2763
1093	-96.2763
1094	-96.2763
1095	-96.2763
1096	-96.2763
1097	-96.0263
1098	-96.0263
1099	-96.0263
1100	-96.0263
1110	-96.5303
1120	-96.7653
1130	-96.1183
1140	-96.1423
1150	-95.4073
1160	-94.1983
1170	-94.2303
1180	-94.0243
1190	-94.4573
1200	-95.5793
1210	-95.5923
1220	-95.3443
1230	-95.0963
1240	-95.6523
1250	-96.1503
1260	-95.5673
1270	-94.7273
1280	-94.2733
1290	-94.1133
1300	-94.6003
1310	-95.1703
1320	-94.8033
1330	-94.7253
1340	-95.4623
1350	-95.1363
1360	-95.0853
1370	-95.8643
1380	-96.0923
1390	-95.8203
1400	-96.5063
1410	-96.6213
1420	-96.5093
1430	-96.2873
1440	-95.9693
1450	-95.5843
1460	-95.9213
1470	-95.9743
1480	-96.8053
1490	-97.3993
1500	-97.4303
1510	-98.0763
1520	-97.4243
1530	-97.0233
1540	-97.4713
1550	-97.4283
1560	-96.5923
1570	-96.5733
1580	-96.6653
1590	-95.7123
1600	-95.6173
1610	-96.4773
1620	-96.8963
1630	-96.6053
1640	-97.5053
1650	-96.2293
1660	-95.8523
1670	-95.9603
1680	-95.9893
1690	-96.0513
1700	-95.7033
1710	-95.5513
1720	-95.3633
1730	-95.0663
1740	-94.8593
1750	-95.0833
1760	-94.5823
1770	-94.0963
1780	-93.6683
1790	-93.7183
1800	-93.9393
1810	-94.6843
1820	-95.7613
1830	-96.2703
1840	-96.0313
1850	-96.4753
1860	-96.4933
1870	-96.1773
1880	-96.0713
1890	-95.0013
1900	-95.9293
1910	-96.6603
1920	-96.9603
1930	-97.3263
1940	-98.1363
1950	-97.4733
1960	-97.0953
1970	-97.7633
1980	-97.3543
1990	-97.1303
2000	-97.6513
2100	-95.6553
2200	-94.3613
2300	-95.2253
2400	-95.3033
2500	-94.3173
2600	-94.4533
2700	-96.0393
2800	-95.2723
2900	-95.8033
3000	-95.7873
3100	-93.8213
3200	-96.9323
3300	-95.3123
3400	-93.8773
3500	-94.9593
3600	-94.8003
3700	-95.7913
3800	-95.3593
3900	-94.6993
4000	-94.8123
4100	-93.7993
4200	-94.7973
4300	-94.6913
4400	-93.9753
4500	-92.2583
4600	-93.9793
4700	-94.0633
4800	-93.3893
4900	-94.5053
5000	-95.4393
5100	-95.3133
5200	-92.7823
5300	-94.9723
5400	-95.2933
5500	-93.8493
5600	-94.3953
5700	-94.1583
5800	-95.4453
5900	-94.0493
6000	-92.8653
6100	-91.5013
6200	-94.1493
6300	-93.6793
6400	-95.0933
6500	-94.5773
6600	-93.0173
6700	-93.9933
6800	-93.2933
6900	-92.7223
7000	-93.0543
7100	-92.5793
7200	-92.3663
7300	-93.4813
7400	-93.9273
7500	-92.6513
7600	-91.9433
7700	-93.6263
7800	-93.1563
7900	-95.0403
8000	-93.9253
8100	-92.9233
8200	-93.6883
8300	-92.0133
8400	-93.2933
8500	-93.0763
8600	-92.7423
8700	-93.9433
8800	-92.2143
8900	-92.4653
9000	-93.2443
9100	-94.0713
9200	-92.3643
9300	-91.1693
9400	-93.1633
9500	-92.8333
9600	-92.8893
9700	-92.7253
9800	-91.1763
9900	-91.1213
10000	-91.2673
10100	-93.0233
10200	-90.7603
10300	-92.1613
10400	-91.6873
10500	-91.8523
10600	-91.2393
10700	-90.9123
10800	-92.5873
10900	-92.4453
11000	-91.3423
11100	-90.9563
11200	-89.1383
11300	-92.4853
11400	-93.3813
11500	-91.5963
11600	-91.3523
11700	-92.7613
11800	-90.7023
11900	-91.5843
12000	-91.6573
12100	-91.3423
12200	-92.5783
12300	-91.6923
12400	-92.7703
12500	-92.0453
12600	-91.8713
12700	-92.6153
12800	-92.0883
12900	-92.1103
13000	-90.5113
13100	-91.3703
13200	-91.0613
13300	-90.6743
13400	-91.3603
13500	-91.6413
13600	-91.2893
13700	-90.7623
13800	-90.4433
13900	-90.5873
14000	-91.6443
14100	-91.6953
14200	-92.9203
14300	-91.3733
14400	-90.5883
14500	-91.7983
14600	-92.4413
14700	-90.1973
14800	-92.0683
14900	-89.8513
15000	-91.4303
15100	-91.7383
15200	-90.6173
15300	-92.0753
15400	-90.1833
15500	-89.0693
15600	-89.6953
15700	-90.5933
15800	-89.1003
15900	-91.0353
16000	-90.6083
16100	-90.1993
16200	-90.1923
16300	-91.2513
16400	-91.0493
16500	-91.2253
16600	-90.4183
16700	-90.1653
16800	-90.7233
16900	-90.2633
17000	-91.7823
17100	-89.7593
17200	-93.1173
17300	-92.3483
17400	-90.6803
17500	-91.4543
17600	-89.4673
17700	-89.4653
17800	-91.8553
17900	-92.2383
18000	-90.6373
18100	-90.1623
18200	-90.4323
18300	-91.5193
18400	-90.7023
18500	-89.9273
18600	-91.2363
18700	-90.0463
18800	-91.2023
18900	-90.0163
19000	-89.7623
20009	-91.8817
20020	-91.8817
20031	-93.0197
20042	-93.0197
20053	-91.7737
20064	-91.7737
20075	-91.7737
20086	-91.4707
20097	-91.4707
20108	-90.9307
20119	-90.9307
20130	-92.0987
20141	-92.0987
20152	-90.8157
20163	-90.8157
20174	-91.4167
20185	-91.4167
20196	-91.4167
20207	-90.4917
20218	-90.4917
20229	-90.6387
20240	-90.6387
20251	-90.4737
20262	-90.4737
20273	-90.4317
20284	-90.4317
20295	-90.4317
20306	-91.0017
20317	-91.0017
20328	-91.0167
20339	-91.0167
20350	-91.3137
20361	-91.3137
20372	-92.0827
20383	-92.0827
20394	-90.1177
20405	-90.1177
20416	-90.1177
20427	-90.5887
20438	-90.5887
20449	-90.0697
20460	-90.0697
20471	-90.8467
20482	-90.8467
20493	-90.5837
20504	-90.5837
20515	-90.5837
20526	-91.0097
20537	-91.0097
20548	-91.1557
20559	-91.1557
20570	-91.2067
20581	-91.2067
20592	-90.2227
20603	-90.2227
20614	-90.2227
20625	-89.2977
20636	-89.2977
20647	-89.3357
20658	-89.3357
20669	-89.1397
20680	-89.1397
20691	-90.2237
20702	-90.2237
20713	-91.1237
20724	-91.1237
20735	-91.1237
20746	-89.8397
20757	-89.8397
20768	-90.3937
20779	-90.3937
20790	-89.7177
20801	-89.7177
20812	-90.9867
20823	-90.9867
20834	-90.9867
20845	-89.7317
20856	-89.7317
20867	-91.6607
20878	-91.6607
20889	-91.3507
20900	-91.3507
20911	-91.3507
20922	-91.3507
20933	-90.3337
20944	-90.3337
20955	-90.3337
20966	-91.0907
20977	-91.0907
20988	-90.2457
20999	-90.2457
21010	-91.3927
21021	-91.3927
21032	-91.6817
21043	-91.6817
21054	-91.6817
21065	-91.7677
21076	-91.7677
21087	-91.2607
21098	-91.2607
21109	-91.7267
21120	-91.7267
21131	-90.6147
21142	-90.6147
21153	-91.4737
21164	-91.4737
21175	-91.4737
21186	-90.5207
21197	-90.5207
21208	-91.0767
21219	-91.0767
21230	-90.4167
21241	-90.4167
21252	-90.5767
21263	-90.5767
21274	-90.5767
21285	-90.0767
21296	-90.0767
21307	-90.2277
21318	-90.2277
21329	-89.8977
21340	-89.8977
21351	-90.1477
21362	-90.1477
21373	-89.5427
21384	-89.5427
21395	-89.5427
21406	-89.5747
21417	-89.5747
21428	-89.1747
21439	-89.1747
21450	-89.7887
21461	-89.7887
21472	-89.1507
21483	-89.1507
21494	-89.1507
21505	-89.7227
21516	-89.7227
21527	-89.6847
21538	-89.6847
21549	-90.5457
21560	-90.5457
21571	-91.1987
21582	-91.1987
21593	-91.4197
21604	-91.4197
21615	-91.4197
21626	-89.7107
21637	-89.7107
21648	-90.4657
21659	-90.4657
21670	-90.0227
21681	-90.0227
21692	-91.6247
21703	-91.6247
21714	-91.6247
21725	-90.8547
21736	-90.8547
21747	-91.6427
21758	-91.6427
21769	-90.0717
21780	-90.0717
21791	-89.6007
21802	-89.6007
21813	-89.6647
21824	-89.6647
21835	-89.6647
21846	-90.1797
21857	-90.1797
21868	-90.5887
21879	-90.5887
21890	-92.0197
21901	-92.0197
21912	-91.1787
21923	-91.1787
21934	-91.1787
21945	-90.8197
21956	-90.8197
21967	-90.7617
21978	-90.7617
21989	-90.7937
22000	-90.7937
22011	-91.2767
22022	-91.2767
22033	-91.5917
22044	-91.5917
22055	-91.5917
22066	-91.0697
22077	-91.0697
22088	-91.2767
22099	-91.2767
22110	-90.7357
22121	-90.7357
22132	-90.5897
22143	-90.5897
22154	-90.5897
22165	-90.5787
22176	-90.5787
22187	-90.5457
22198	-90.5457
22209	-90.5847
22220	-90.5847
22231	-91.1717
22242	-91.1717
22253	-89.2667
22264	-89.2667
22275	-89.2667
22286	-88.7157
22297	-88.7157
22308	-88.2357
22319	-88.2357
22330	-88.2927
22341	-88.2927
22352	-88.3907
22363	-88.3907
22374	-88.3907
22385	-88.0507
22396	-88.0507
22407	-88.6407
22418	-88.6407
22429	-90.0137
22440	-90.0137
22451	-90.4217
22462	-90.4217
22473	-90.4897
22484	-90.4897
22495	-90.4897
22506	-89.9497
22517	-89.9497
22528	-89.8917
22539	-89.8917
22550	-89.6427
22561	-89.6427
22572	-90.2407
22583	-90.2407
22594	-90.2407
22605	-89.4567
22616	-89.4567
22627	-89.8827
22638	-89.8827
22649	-89.0017
22660	-89.0017
22671	-89.2487
22682	-89.2487
22693	-89.9867
22704	-89.9867
22715	-89.9867
22726	-90.0717
22737	-90.0717
22748	-90.2307
22759	-90.2307
22770	-90.1237
22781	-90.1237
22792	-90.6997
22803	-90.6997
22814	-90.6997
22825	-90.8897
22836	-90.8897
22847	-89.9527
22858	-89.9527
22869	-90.2837
22880	-90.2837
22891	-90.3607
22902	-90.3607
22913	-91.5197
22924	-91.5197
22935	-91.5197
22946	-90.5077
22957	-90.5077
22968	-91.4547
22979	-91.4547
22990	-89.8307
23001	-89.8307
23012	-89.2847
23023	-89.2847
23034	-89.2847
23045	-88.7967
23056	-88.7967
23067	-88.2457
23078	-88.2457
23089	-88.2107
23100	-88.2107
23111	-88.5247
23122	-88.5247
23133	-88.8017
23144	-88.8017
23155	-88.8017
23166	-89.3457
23177	-89.3457
23188	-90.1467
23199	-90.1467
23210	-90.1987
23221	-90.1987
23232	-90.6757
23243	-90.6757
23254	-90.6757
23265	-90.5867
23276	-90.5867
23287	-90.5277
23298	-90.5277
23309	-91.2607
23320	-91.2607
23331	-90.1137
23342	-90.1137
23353	-90.1137
23364	-90.1137
23375	-90.1137
23386	-89.2107
23397	-89.2107
23408	-89.7267
23419	-89.7267
23430	-89.2077
23441	-89.2077
23452	-89.6617
23463	-89.6617
23474	-89.6617
23485	-89.1247
23496	-89.1247
23507	-89.9017
23518	-89.9017
23529	-88.9697
23540	-88.9697
23551	-89.7757
23562	-89.7757
23573	-88.8477
23584	-88.8477
23595	-88.8477
23606	-89.1847
23617	-89.1847
23628	-90.0707
23639	-90.0707
23650	-90.4187
23661	-90.4187
23672	-89.3127
23683	-89.3127
23694	-89.3127
23705	-90.7027
23716	-90.7027
23727	-89.8017
23738	-89.8017
23749	-89.7987
23760	-89.7987
23771	-89.7997
23782	-89.7997
23793	-89.9387
23804	-89.9387
23815	-89.9387
23826	-89.4617
23837	-89.4617
23848	-89.7667
23859	-89.7667
23870	-88.5907
23881	-88.5907
23892	-88.6377
23903	-88.6377
23914	-88.6377
23925	-88.6857
23936	-88.6857
23947	-88.6857
23958	-88.6857
23969	-87.7227
23980	-87.7227
23991	-88.2167
24002	-88.2167
24013	-87.6187
24024	-87.6187
24035	-87.6187
24046	-89.0297
24057	-89.0297
24068	-89.1057
24079	-89.1057
24090	-89.6557
24101	-89.6557
24112	-87.9907
24123	-87.9907
24134	-87.9907
24145	-87.8477
24156	-87.8477
24167	-87.6607
24178	-87.6607
24189	-88.1577
24200	-88.1577
24211	-86.9877
24222	-86.9877
24233	-87.2747
24244	-87.2747
24255	-87.2747
24266	-86.7737
24277	-86.7737
24288	-87.6537
24299	-87.6537
24310	-87.4467
24321	-87.4467
24332	-87.6077
24343	-87.6077
24354	-87.6077
24365	-88.1417
24376	-88.1417
24387	-88.2877
24398	-88.2877
24409	-87.7277
24420	-87.7277
24431	-88.1527
24442	-88.1527
24453	-88.9377
24464	-88.9377
24475	-88.9377
24486	-89.2907
24497	-89.2907
24508	-89.2517
24519	-89.2517
24530	-90.0457
24541	-90.0457
24552	-89.1957
24563	-89.1957
24574	-89.1957
24585	-89.4357
24596	-89.4357
24607	-88.1767
24618	-88.1767
24629	-88.7187
24640	-88.7187
24651	-88.2907
24662	-88.2907
24673	-88.2907
24684	-88.3537
24695	-88.3537
24706	-88.4327
24717	-88.4327
24728	-88.9477
24739	-88.9477
24750	-89.6917
24761	-89.6917
24772	-90.2977
24783	-90.2977
24794	-90.2977
24805	-89.2457
24816	-89.2457
24827	-88.7217
24838	-88.7217
24849	-88.7277
24860	-88.7277
24871	-88.9657
24882	-88.9657
24893	-88.9657
24904	-88.9437
24915	-88.9437
24926	-89.5527
24937	-89.5527
24948	-89.2597
24959	-89.2597
24970	-89.4787
24981	-89.4787
24992	-89.0547
25003	-89.0547
25014	-89.0547
25025	-89.5687
25036	-89.5687
25047	-88.8487
25058	-88.8487
25069	-90.0687
25080	-90.0687
25091	-88.3067
25102	-88.3067
25113	-88.3067
25124	-88.2837
25135	-88.2837
25146	-88.5127
25157	-88.5127
25168	-88.9327
25179	-88.9327
25190	-88.8757
25201	-88.8757
25212	-89.7047
25223	-89.7047
25234	-89.7047
25245	-89.0437
25256	-89.0437
25267	-89.4757
25278	-89.4757
25289	-90.5007
25300	-90.5007
25311	-90.8697
25322	-90.8697
25333	-90.8697
25344	-90.2187
25355	-90.2187
25366	-90.5377
25377	-90.5377
25388	-90.0827
25399	-90.0827
25410	-91.2677
25421	-91.2677
25432	-90.6287
25443	-90.6287
25454	-90.6287
25465	-91.2727
25476	-91.2727
25487	-90.1067
25498	-90.1067
25509	-90.9367
25520	-90.9367
25531	-90.3457
25542	-90.3457
25553	-90.3457
25564	-89.3707
25575	-89.3707
25586	-89.2787
25597	-89.2787
25608	-88.4657
25619	-88.4657
25630	-88.0677
25641	-88.0677
25652	-88.7497
25663	-88.7497
25674	-88.7497
25685	-88.0677
25696	-88.0677
25707	-90.0157
25718	-90.0157
25729	-90.1137
25740	-90.1137
25751	-91.7357
25762	-91.7357
25773	-91.7357
25784	-90.1287
25795	-90.1287
25806	-91.6087
25817	-91.6087
25828	-91.2867
25839	-91.2867
25850	-92.4607
25861	-92.4607
25872	-91.4907
25883	-91.4907
25894	-91.4907
25905	-91.4907
25916	-91.4907
25927	-90.0757
25938	-90.0757
25949	-89.6687
25960	-89.6687
25971	-89.4247
25982	-89.4247
25993	-89.4247
26004	-88.9327
26015	-88.9327
26026	-88.5517
26037	-88.5517
26048	-88.5247
26059	-88.5247
26070	-89.0217
26081	-89.0217
26092	-89.8017
26103	-89.8017
26114	-89.8017
26125	-89.5327
26136	-89.5327
26147	-90.6557
26158	-90.6557
26169	-90.5427
26180	-90.5427
26191	-90.9017
26202	-90.9017
26213	-90.9017
26224	-90.6617
26235	-90.6617
26246	-90.6617
26257	-90.6617
26268	-89.5927
26279	-89.5927
26290	-89.4957
26301	-89.4957
26312	-89.2637
26323	-89.2637
26334	-89.2637
26345	-89.9977
26356	-89.9977
26367	-89.9097
26378	-89.9097
26389	-90.0607
26400	-90.0607
26411	-89.2017
26422	-89.2017
26433	-89.2017
26444	-88.9027
26455	-88.9027
26466	-88.2747
26477	-88.2747
26488	-87.9117
26499	-87.9117
26510	-87.5977
26521	-87.5977
26532	-88.1277
26543	-88.1277
26554	-88.1277
26565	-87.6187
26576	-87.6187
26587	-88.6557
26598	-88.6557
26609	-87.9257
26620	-87.9257
26631	-89.4407
26642	-89.4407
26653	-89.4407
26664	-88.8447
26675	-88.8447
26686	-90.0577
26697	-90.0577
26708	-88.8167
26719	-88.8167
26730	-90.5747
26741	-90.5747
26752	-89.9567
26763	-89.9567
26774	-89.9567
26785	-90.1007
26796	-90.1007
26807	-89.1217
26818	-89.1217
26829	-90.3387
26840	-90.3387
26851	-89.7977
26862	-89.7977
26873	-89.7977
26884	-90.3847
26895	-90.3847
26906	-88.9487
26917	-88.9487
26928	-89.3137
26939	-89.3137
26950	-89.2327
26961	-89.2327
26972	-89.4347
26983	-89.4347
26994	-89.4347
27005	-89.1267
27016	-89.1267
27027	-89.8057
27038	-89.8057
27049	-88.7317
27060	-88.7317
27071	-89.7537
27082	-89.7537
27093	-89.7537
27104	-88.5227
27115	-88.5227
27126	-89.4557
27137	-89.4557
27148	-88.5987
27159	-88.5987
27170	-88.9957
27181	-88.9957
27192	-89.7967
27203	-89.7967
27214	-89.7967
27225	-91.0737
27236	-91.0737
27247	-90.5587
27258	-90.5587
27269	-90.6747
27280	-90.6747
27291	-90.3877
27302	-90.3877
27313	-90.3877
27324	-91.0457
27335	-91.0457
27346	-90.2577
27357	-90.2577
27368	-90.9657
27379	-90.9657
27390	-90.1417
27401	-90.1417
27412	-90.3437
27423	-90.3437
27434	-90.3437
27445	-91.1547
27456	-91.1547
27467	-91.2727
27478	-91.2727
27489	-89.5207
27500	-89.5207
27511	-90.1007
27522	-90.1007
27533	-90.1007
27544	-91.3067
27555	-91.3067
27566	-92.0877
27577	-92.0877
27588	-90.9717
27599	-90.9717
27610	-90.2047
27621	-90.2047
27632	-89.3417
27643	-89.3417
27654	-89.3417
27665	-89.5857
27676	-89.5857
27687	-89.1267
27698	-89.1267
27709	-90.5587
27720	-90.5587
27731	-90.3467
27742	-90.3467
27753	-90.3467
27764	-90.4837
27775	-90.4837
27786	-89.7957
27797	-89.7957
27808	-89.2707
27819	-89.2707
27830	-89.2097
27841	-89.2097
27852	-89.4527
27863	-89.4527
27874	-89.4527
27885	-89.3147
27896	-89.3147
27907	-89.6587
27918	-89.6587
27929	-88.6887
27940	-88.6887
27951	-89.1107
27962	-89.1107
27973	-89.1107
27984	-88.5947
27995	-88.5947
28006	-88.6647
28017	-88.6647
28028	-88.3977
28039	-88.3977
28050	-89.7847
28061	-89.7847
28072	-89.0647
28083	-89.0647
28094	-89.0647
28105	-89.5997
28116	-89.5997
28127	-89.2587
28138	-89.2587
28149	-90.0007
28160	-90.0007
28171	-89.2457
28182	-89.2457
28193	-89.2457
28204	-89.7127
28215	-89.7127
28226	-89.5757
28237	-89.5757
28248	-89.8087
28259	-89.8087
28270	-89.9997
28281	-89.9997
28292	-90.3217
28303	-90.3217
28314	-90.3217
28325	-89.4317
28336	-89.4317
28347	-89.1057
28358	-89.1057
28369	-88.9787
28380	-88.9787
28391	-89.9997
28402	-89.9997
28413	-89.9997
28424	-88.6357
28435	-88.6357
28446	-90.0447
28457	-90.0447
28468	-89.9907
28479	-89.9907
28490	-90.2067
28501	-90.2067
28512	-89.9707
28523	-89.9707
28534	-89.9707
28545	-90.4937
28556	-90.4937
28567	-91.2947
28578	-91.2947
28589	-91.3067
28600	-91.3067
28611	-90.8407
28622	-90.8407
28633	-90.8407
28644	-92.0647
28655	-92.0647
28666	-90.6987
28677	-90.6987
28688	-91.2187
28699	-91.2187
28710	-90.2447
28721	-90.2447
28732	-90.5757
28743	-90.5757
28754	-90.5757
28765	-91.5437
28776	-91.5437
28787	-91.6737
28798	-91.6737
28809	-91.1087
28820	-91.1087
28831	-90.7817
28842	-90.7817
28853	-90.7817
28864	-90.6687
28875	-90.6687
28886	-91.1647
28897	-91.1647
28908	-90.0387
28919	-90.0387
28930	-89.5747
28941	-89.5747
28952	-89.2727
28963	-89.2727
28974	-89.2727
28985	-88.5007
28996	-88.5007
29007	-88.4977
29018	-88.4977
29029	-89.1057
29040	-89.1057
29051	-88.4057
29062	-88.4057
29073	-88.4057
29084	-88.9567
29095	-88.9567
29106	-89.6497
29117	-89.6497
29128	-89.9997
29139	-89.9997
29150	-89.5397
29161	-89.5397
29172	-90.1017
29183	-90.1017
29194	-90.1017
29205	-88.4287
29216	-88.4287
29227	-88.4397
29238	-88.4397
29249	-87.9417
29260	-87.9417
29271	-89.1287
29282	-89.1287
29293	-89.1287
29304	-89.2497
29315	-89.2497
29326	-89.2487
29337	-89.2487
29348	-88.6697
29359	-88.6697
29370	-90.2557
29381	-90.2557
29392	-89.5517
29403	-89.5517
29414	-89.5517
29425	-91.1017
29436	-91.1017
29447	-90.7107
29458	-90.7107
29469	-91.8247
29480	-91.8247
29491	-90.5377
29502	-90.5377
29513	-90.5377
29524	-89.4287
29535	-89.4287
29546	-88.4707
29557	-88.4707
29568	-88.6987
29579	-88.6987
29590	-88.2637
29601	-88.2637
29612	-88.3127
29623	-88.3127
29634	-88.3127
29645	-89.0027
29656	-89.0027
29667	-89.9697
29678	-89.9697
29689	-89.1197
29700	-89.1197
29711	-90.6597
29722	-90.6597
29733	-90.6597
29744	-90.2727
29755	-90.2727
29766	-90.8387
29777	-90.8387
29788	-91.0247
29799	-91.0247
29810	-91.5197
29821	-91.5197
29832	-89.0887
29843	-89.0887
29854	-89.0887
29865	-89.0077
29876	-89.0077
29887	-89.3427
29898	-89.3427
29909	-89.0157
29920	-89.0157
29931	-89.0267
29942	-89.0267
29953	-89.0267
30054	-90.5247
30155	-89.6677
30256	-90.7697
30357	-90.5917
30458	-90.6427
30559	-91.9437
30660	-90.6127
30761	-89.0917
30862	-88.9557
30963	-88.1447
31064	-89.3177
31165	-88.9597
31266	-88.6147
31367	-88.6307
31468	-88.3747
31569	-88.8447
31670	-89.3287
31771	-90.1917
31872	-90.4187
31973	-92.3407
32074	-91.3547
32175	-91.1947
32276	-89.7627
32377	-90.4707
32478	-89.6947
32579	-87.3567
32680	-90.1077
32781	-88.9847
32882	-89.3007
32983	-88.3467
33084	-89.3597
33185	-88.4557
33286	-89.5087
33387	-90.0837
33488	-89.6017
33589	-90.5867
33690	-89.0567
33791	-89.8897
33892	-89.0967
33993	-89.6407
34094	-90.8347
34195	-92.6017
34296	-88.5437
34397	-90.0837
34498	-89.6047
34599	-89.5717
34700	-90.8027
34801	-91.2047
34902	-90.5857
35003	-89.4357
35104	-89.7197
35205	-90.2497
35306	-88.3337
35407	-90.2817
35508	-89.2827
35609	-90.3077
35710	-89.4017
35811	-89.2747
35912	-88.5257
36013	-89.8327
36114	-89.5757
36215	-91.7727
36316	-89.6067
36417	-89.6257
36518	-88.5427
36619	-88.9777
36720	-89.8717
36821	-89.0957
36922	-89.9277
37023	-90.3557
37124	-90.0997
37225	-88.6407
37326	-89.1717
37427	-90.0207
37528	-87.9187
37629	-91.2697
37730	-89.3947
37831	-89.3577
37932	-89.0437
38033	-89.6307
38134	-90.0097
38235	-89.7007
38336	-90.9867
38437	-91.0127
38538	-89.3737
38639	-89.2747
38740	-89.1237
38841	-89.5827
38942	-90.2957
39043	-89.1217
39144	-89.9517
39245	-89.8637
39346	-89.3067
39447	-89.5937
39548	-89.7627
39649	-89.5907
39750	-89.2917
39851	-89.6137
39952	-89.8367
40053	-89.8077
40154	-89.7107
40255	-87.9527
40356	-87.4077
40457	-89.4097
40558	-89.1557
40659	-90.2067
40760	-89.7157
40861	-90.9597
40962	-88.3157
41063	-88.5817
41164	-90.8587
41265	-92.3597
41366	-90.8997
41467	-90.2107
41568	-88.9317
41669	-89.6777
41770	-88.2877
41871	-88.7247
41972	-89.6077
42073	-89.8027
42174	-90.5547
42275	-90.0177
42376	-90.2837
42477	-91.0367
42578	-91.5137
42679	-90.3557
42780	-91.7317
42881	-89.6297
42982	-89.9497
43083	-88.9917
43184	-90.8757
43285	-90.6207
43386	-90.3107
43487	-89.5187
43588	-90.1097
43689	-89.0267
43790	-89.6517
43891	-89.3497
43992	-90.3937
44093	-90.6307
44194	-89.8637
44295	-89.9727
44396	-91.6337
44497	-90.3167
44598	-90.0927
44699	-90.0497
44800	-90.3527
44901	-88.7837
45002	-88.9867
45103	-89.8377
45204	-89.0587
45305	-89.3887
45406	-89.5267
45507	-90.0247
45608	-92.0407
45709	-88.7537
45810	-90.0617
45911	-89.1567
46012	-89.4547
46113	-89.3497
46214	-88.8737
46315	-89.6457
46416	-89.3407
46517	-88.9837
46618	-90.1007
46719	-89.7977
46820	-89.3197
46921	-90.6267
47022	-89.9677
47123	-88.4227
47224	-91.4477
47325	-91.1087
47426	-88.7587
47527	-89.4907
47628	-88.1597
47729	-88.5417
47830	-90.7897
47931	-90.3107
48032	-88.9377
48133	-91.3407
48234	-90.2067
48335	-89.3617
48436	-91.0157
48537	-91.1307
48638	-90.6687
48739	-90.1837
48840	-90.3227
48941	-89.1137
49042	-88.0127
49143	-90.6737
49244	-89.8117
49345	-88.7197
49446	-88.8277
49547	-92.0157
49648	-88.8347
49749	-88.0387
49850	-90.3177
50851	-90.6777
51852	-88.7927
52853	-90.8587
53854	-91.3087
54855	-90.9137
55856	-89.7987
56857	-88.5867
57858	-89.7957
58859	-90.2197
59860	-89.7077
60861	-90.6317
61862	-88.3637
62863	-90.8157
63864	-93.2037
64865	-92.1187
65866	-91.4057
66867	-91.3097
67868	-90.9807
68869	-89.8347
69870	-89.4867
70871	-88.9567
71872	-91.4937
72873	-88.9367
73874	-93.1067
74875	-89.4997
75876	-90.7207
76877	-90.0887
77878	-89.9607
78879	-91.1617
79880	-91.8037
80881	-92.5287
81882	-91.9487
82883	-92.6787
83884	-91.2357
84885	-91.8077
85886	-92.4987
86887	-92.5937
87888	-92.9707
88889	-90.3627
89890	-91.7367
90891	-93.4617
91892	-93.2267
92893	-93.2437
93894	-92.0697
94895	-93.2297
95896	-92.5447
96897	-93.1727
97898	-93.1187
98899	-92.4557
99900	-94.8027
100000	-92.8482
100100	-92.8482
100200	-92.8482
100300	-93.0002
100400	-93.0002
100500	-92.7562
100600	-92.7562
100700	-92.7562
100800	-92.6892
100900	-92.6892
101000	-92.6452
101100	-92.6452
101200	-92.6452
101300	-92.5842
101400	-92.5842
101500	-92.5712
101600	-92.5712
101700	-92.5752
101800	-92.5752
101900	-92.5752
102000	-92.4892
102100	-92.4892
102200	-92.3512
102300	-92.3512
102400	-92.3512
102500	-92.3482
102600	-92.3482
102700	-92.4252
102800	-92.4252
102900	-92.4252
103000	-92.6102
103100	-92.6102
103200	-92.4322
103300	-92.4322
103400	-92.4322
103500	-92.4232
103600	-92.4232
103700	-92.5302
103800	-92.5302
103900	-92.5232
104000	-92.5232
104100	-92.5232
104200	-92.5252
104300	-92.5252
104400	-92.9022
104500	-92.9022
104600	-92.9022
104700	-92.8462
104800	-92.8462
104900	-92.7712
105000	-92.7712
105100	-92.7712
105200	-92.7712
105300	-92.7712
105400	-92.8222
105500	-92.8222
105600	-92.8222
105700	-92.8212
105800	-92.8212
105900	-92.8112
106000	-92.8112
106100	-92.6812
106200	-92.6812
106300	-92.6812
106400	-92.6052
106500	-92.6052
106600	-92.5152
106700	-92.5152
106800	-92.5152
106900	-92.5542
107000	-92.5542
107100	-92.6562
107200	-92.6562
107300	-92.6562
107400	-92.7252
107500	-92.7252
107600	-92.9082
107700	-92.9082
107800	-92.9082
107900	-93.1562
108000	-93.1562
108100	-93.2822
108200	-93.2822
108300	-93.3172
108400	-93.3172
108500	-93.3172
108600	-93.7492
108700	-93.7492
108800	-93.9162
108900	-93.9162
109000	-93.9162
109100	-94.1962
109200	-94.1962
109300	-94.1462
109400	-94.1462
109500	-94.1462
109600	-93.8902
109700	-93.8902
109800	-93.8532
109900	-93.8532
110000	-93.9592
110100	-93.9592
110200	-93.9592
110300	-94.2182
110400	-94.2182
110500	-94.5012
110600	-94.5012
110700	-94.5012
110800	-95.2302
110900	-95.2302
111000	-95.2692
111100	-95.2692
111200	-95.2692
111300	-94.9002
111400	-94.9002
111500	-94.7182
111600	-94.7182
111700	-94.7182
111800	-94.7342
111900	-94.7342
112000	-94.6312
112100	-94.6312
112200	-94.4392
112300	-94.4392
112400	-94.4392
112500	-94.2292
112600	-94.2292
112700	-94.2072
112800	-94.2072
112900	-94.2072
113000	-94.2032
113100	-94.2032
113200	-94.1742
113300	-94.1742
113400	-94.1742
113500	-94.2322
113600	-94.2322
113700	-94.6612
113800	-94.6612
113900	-94.6612
114000	-94.9512
114100	-94.9512
114200	-95.2442
114300	-95.2442
114400	-95.4522
114500	-95.4522
114600	-95.4522
114700	-95.2412
114800	-95.2412
114900	-95.1332
115000	-95.1332
115100	-95.1332
115200	-95.1412
115300	-95.1412
115400	-94.9262
115500	-94.9262
115600	-94.9262
115700	-94.9132
115800	-94.9132
115900	-95.0502
116000	-95.0502
116100	-95.0502
116200	-95.2062
116300	-95.2062
116400	-95.3232
116500	-95.3232
116600	-95.4772
116700	-95.4772
116800	-95.4772
116900	-95.2212
117000	-95.2212
117100	-95.0722
117200	-95.0722
117300	-95.0722
117400	-95.1002
117500	-95.1002
117600	-95.4792
117700	-95.4792
117800	-95.4792
117900	-95.8782
118000	-95.8782
118100	-96.0292
118200	-96.0292
118300	-96.0292
118400	-95.9972
118500	-95.9972
118600	-96.0812
118700	-96.0812
118800	-96.0052
118900	-96.0052
119000	-96.0052
119100	-96.0252
119200	-96.0252
119300	-95.8262
119400	-95.8262
119500	-95.8262
119600	-95.7082
119700	-95.7082
119800	-95.5862
119900	-95.5862
120000	-95.5862
120100	-95.2722
120200	-95.2722
120300	-95.2542
120400	-95.2542
120500	-95.4322
120600	-95.4322
120700	-95.4322
120800	-95.8032
120900	-95.8032
121000	-95.9552
121100	-95.9552
121200	-95.9552
121300	-96.0222
121400	-96.0222
121500	-96.0052
121600	-96.0052
121700	-96.0052
121800	-95.9442
121900	-95.9442
122000	-95.9982
122100	-95.9982
122200	-95.9982
122300	-96.6522
122400	-96.6522
122500	-96.4752
122600	-96.4752
122700	-96.4262
122800	-96.4262
122900	-96.4262
123000	-96.4282
123100	-96.4282
123200	-96.7002
123300	-96.7002
123400	-96.7002
123500	-96.9182
123600	-96.9182
123700	-96.9132
123800	-96.9132
123900	-96.9132
124000	-96.8892
124100	-96.8892
124200	-96.7162
124300	-96.7162
124400	-96.7162
124500	-96.5722
124600	-96.5722
124700	-96.6012
124800	-96.6012
124900	-96.5822
125000	-96.5822
125100	-96.5822
125200	-96.3372
125300	-96.3372
125400	-96.2582
125500	-96.2582
125600	-96.2582
125700	-96.1682
125800	-96.1682
125900	-96.1672
126000	-96.1672
126100	-96.1672
126200	-95.9912
126300	-95.9912
126400	-95.9612
126500	-95.9612
126600	-95.9612
126700	-96.0532
126800	-96.0532
126900	-96.4422
127000	-96.4422
127100	-96.9022
127200	-96.9022
127300	-96.9022
127400	-96.6712
127500	-96.6712
127600	-96.5572
127700	-96.5572
127800	-96.5572
127900	-96.6032
128000	-96.6032
128100	-96.5842
128200	-96.5842
128300	-96.5842
128400	-96.4432
128500	-96.4432
128600	-96.4362
128700	-96.4362
128800	-96.4632
128900	-96.4632
129000	-96.4632
129100	-96.6642
129200	-96.6642
129300	-96.5232
129400	-96.5232
129500	-96.5232
129600	-96.2822
129700	-96.2822
129800	-96.1282
129900	-96.1282
130000	-96.1282
130100	-96.0282
130200	-96.0282
130300	-96.0282
130400	-96.0282
130500	-96.0282
130600	-96.1772
130700	-96.1772
130800	-96.4132
130900	-96.4132
131000	-96.6852
131100	-96.6852
131200	-96.6852
131300	-96.7752
131400	-96.7752
131500	-96.8352
131600	-96.8352
131700	-96.8352
131800	-96.8352
131900	-96.8352
132000	-96.8832
132100	-96.8832
132200	-96.8832
132300	-96.9492
132400	-96.9492
132500	-96.9272
132600	-96.9272
132700	-96.9272
132800	-96.6442
132900	-96.6442
133000	-96.4452
133100	-96.4452
133200	-96.4442
133300	-96.4442
133400	-96.4442
133500	-96.7692
133600	-96.7692
133700	-97.2972
133800	-97.2972
133900	-97.2972
134000	-97.9472
134100	-97.9472
134200	-98.4862
134300	-98.4862
134400	-98.4862
134500	-98.4972
134600	-98.4972
134700	-98.4292
134800	-98.4292
134900	-98.4292
135000	-98.3182
135100	-98.3182
135200	-98.3102
135300	-98.3102
135400	-98.4902
135500	-98.4902
135600	-98.4902
135700	-98.1962
135800	-98.1962
135900	-98.1102
136000	-98.1102
136100	-98.1102
136200	-97.9452
136300	-97.9452
136400	-97.8282
136500	-97.8282
136600	-97.8282
136700	-97.8272
136800	-97.8272
136900	-98.1382
137000	-98.1382
137100	-98.1382
137200	-98.2432
137300	-98.2432
137400	-98.3452
137500	-98.3452
137600	-98.5582
137700	-98.5582
137800	-98.5582
137900	-98.5652
138000	-98.5652
138100	-98.8682
138200	-98.8682
138300	-98.8682
138400	-98.8572
138500	-98.8572
138600	-98.8662
138700	-98.8662
138800	-98.8662
138900	-98.8092
139000	-98.8092
139100	-98.4782
139200	-98.4782
139300	-98.3902
139400	-98.3902
139500	-98.3902
139600	-98.3932
139700	-98.3932
139800	-98.4432
139900	-98.4432
140000	-98.4432
140100	-98.3172
140200	-98.3172
140300	-98.2692
140400	-98.2692
140500	-98.2692
140600	-98.1862
140700	-98.1862
140800	-98.1822
140900	-98.1822
141000	-98.1822
141100	-98.4532
141200	-98.4532
141300	-98.4232
141400	-98.4232
141500	-98.4242
141600	-98.4242
141700	-98.4242
141800	-98.5832
141900	-98.5832
142000	-98.7932
142100	-98.7932
142200	-98.7932
142300	-98.6172
142400	-98.6172
142500	-98.5832
142600	-98.5832
142700	-98.5832
142800	-98.7842
142900	-98.7842
143000	-99.0022
143100	-99.0022
143200	-99.0022
143300	-98.8652
143400	-98.8652
143500	-98.8322
143600	-98.8322
143700	-98.7092
143800	-98.7092
143900	-98.7092
144000	-98.6982
144100	-98.6982
144200	-98.6362
144300	-98.6362
144400	-98.6362
144500	-98.5222
144600	-98.5222
144700	-98.5212
144800	-98.5212
144900	-98.5212
145000	-98.6832
145100	-98.6832
145200	-99.0392
145300	-99.0392
145400	-99.0392
145500	-98.8562
145600	-98.8562
145700	-98.7052
145800	-98.7052
145900	-98.6082
146000	-98.6082
146100	-98.6082
146200	-98.6022
146300	-98.6022
146400	-98.6782
146500	-98.6782
146600	-98.6782
146700	-98.8422
146800	-98.8422
146900	-98.9792
147000	-98.9792
147100	-98.9792
147200	-99.2042
147300	-99.2042
147400	-99.1572
147500	-99.1572
147600	-99.1572
147700	-99.1572
147800	-99.1572
147900	-99.2372
148000	-99.2372
148100	-99.2982
148200	-99.2982
148300	-99.2982
148400	-99.2312
148500	-99.2312
148600	-99.0492
148700	-99.0492
148800	-99.0492
148900	-98.9292
149000	-98.9292
149100	-98.8762
149200	-98.8762
149300	-98.8762
149400	-98.8402
149500	-98.8402
149600	-98.8612
149700	-98.8612
149800	-98.7542
149900	-98.7542
150000	-98.7542
151000	-98.4722
152000	-98.3572
153000	-97.7012
154000	-97.5852
155000	-97.7892
156000	-98.6562
157000	-99.0192
158000	-99.4032
159000	-100.4762
160000	-100.0682
161000	-99.9292
162000	-99.7932
163000	-98.9842
164000	-99.9942
165000	-99.9832
166000	-99.5662
167000	-99.2912
168000	-99.0552
169000	-98.7972
170000	-98.5772
171000	-98.1112
172000	-98.9772
173000	-99.3382
174000	-98.9772
175000	-99.7032
176000	-100.3812
177000	-100.2262
178000	-99.8552
179000	-100.1232
180000	-99.9242
181000	-100.9102
182000	-100.1642
183000	-100.2122
184000	-99.6142
185000	-99.4312
186000	-99.4982
187000	-99.7662
188000	-99.9092
189000	-100.5322
190000	-100.5572
191000	-100.3582
192000	-100.4602
193000	-100.5452
194000	-101.0772
195000	-101.1352
196000	-100.6052
197000	-101.0642
198000	-100.4332
199000	-100.2792
209000	-102.0062
219000	-102.3332
229000	-102.1112
239000	-102.0442
249000	-103.5262
259000	-104.2092
269000	-104.3462
279000	-105.0352
289000	-104.4182
299000	-106.8612
309000	-107.1402
319000	-107.6242
329000	-107.1992
339000	-107.0142
349000	-107.3832
359000	-107.8362
369000	-107.0602
379000	-108.3242
389000	-108.3372
399000	-109.6462
409000	-107.5772
419000	-108.0162
429000	-108.5712
439000	-108.7012
449000	-109.7102
459000	-108.4742
469000	-110.6242
479000	-109.8692
489000	-108.7912
499000	-111.1892
509000	-108.7262
519000	-111.2622
529000	-110.9202
539000	-110.9542
549000	-112.0402
559000	-111.5372
569000	-112.8162
579000	-112.2562
589000	-111.9102
599000	-113.7142
609000	-113.1632
619000	-114.3092
629000	-112.6412
639000	-112.5172
649000	-113.7032
659000	-114.0752
669000	-114.5512
679000	-115.4882
689000	-114.5102
699000	-114.0732
709000	-114.7452
719000	-114.8102
729000	-114.2802
739000	-114.7062
749000	-114.8052
759000	-115.3982
769000	-117.1072
779000	-114.1692
789000	-114.9502
799000	-116.4912
809000	-115.5322
819000	-116.3882
829000	-115.4032
839000	-114.5962
849000	-116.6672
859000	-117.6022
869000	-116.7562
879000	-116.2732
889000	-117.3212
899000	-117.0072
909000	-119.0962
919000	-119.5052
929000	-116.6612
939000	-117.6442
949000	-117.3782
959000	-120.1992
969000	-117.9982
979000	-116.9772
989000	-118.0702
999000	-118.5422
1000000	-118.1482
1001000	-118.1022
1002000	-118.1022
1003000	-118.1022
1004000	-118.1022
1005000	-118.1022
1006000	-118.2472
1007000	-118.2472
1008000	-118.2472
1009000	-118.1762
1010000	-118.1762
1011000	-118.1762
1012000	-118.1182
1013000	-118.1182
1014000	-118.2362
1015000	-118.2362
1016000	-118.2362
1017000	-118.1612
1018000	-118.1612
1019000	-118.1612
1020000	-118.0692
1021000	-118.0692
1022000	-118.0702
1023000	-118.0702
1024000	-118.0702
1025000	-118.3222
1026000	-118.3222
1027000	-118.3222
1028000	-118.3742
1029000	-118.3742
1030000	-118.3742
1031000	-118.4162
1032000	-118.4162
1033000	-118.5742
1034000	-118.5742
1035000	-118.5742
1036000	-118.5382
1037000	-118.5382
1038000	-118.5382
1039000	-118.5302
1040000	-118.5302
1041000	-118.6262
1042000	-118.6262
1043000	-118.6262
1044000	-118.3532
1045000	-118.3532
1046000	-118.3532
1047000	-118.1702
1048000	-118.1702
1049000	-118.0502
1050000	-118.0502
1051000	-118.0502
1052000	-118.0952
1053000	-118.0952
1054000	-118.0952
1055000	-118.9602
1056000	-118.9602
1057000	-119.2972
1058000	-119.2972
1059000	-119.2972
1060000	-119.4862
1061000	-119.4862
1062000	-119.4862
1063000	-119.6852
1064000	-119.6852
1065000	-119.7562
1066000	-119.7562
1067000	-119.7562
1068000	-119.6222
1069000	-119.6222
1070000	-119.6222
1071000	-119.4432
1072000	-119.4432
1073000	-119.4432
1074000	-119.4432
1075000	-119.4432
1076000	-119.3682
1077000	-119.3682
1078000	-119.3682
1079000	-119.1742
1080000	-119.1742
1081000	-119.1742
1082000	-119.1072
1083000	-119.1072
1084000	-119.1312
1085000	-119.1312
1086000	-119.1312
1087000	-119.1192
1088000	-119.1192
1089000	-119.1192
1090000	-119.1522
1091000	-119.1522
1092000	-119.2412
1093000	-119.2412
1094000	-119.2412
1095000	-119.2222
1096000	-119.2222
1097000	-119.2222
1098000	-119.2062
1099000	-119.2062
1100000	-119.1282
1101000	-119.1282
1102000	-119.1282
1103000	-119.1632
1104000	-119.1632
1105000	-119.1632
1106000	-119.6842
1107000	-119.6842
1108000	-119.5852
1109000	-119.5852
1110000	-119.5852
1111000	-119.4532
1112000	-119.4532
1113000	-119.4532
1114000	-119.3872
1115000	-119.3872
1116000	-119.2262
1117000	-119.2262
1118000	-119.2262
1119000	-119.1892
1120000	-119.1892
1121000	-119.1892
1122000	-119.0682
1123000	-119.0682
1124000	-119.0682
1125000	-119.0812
1126000	-119.0812
1127000	-119.1882
1128000	-119.1882
1129000	-119.1882
1130000	-119.4422
1131000	-119.4422
1132000	-119.4422
1133000	-119.4292
1134000	-119.4292
1135000	-119.4292
1136000	-119.4292
1137000	-119.4292
1138000	-119.6642
1139000	-119.6642
1140000	-119.6642
1141000	-119.6712
1142000	-119.6712
1143000	-119.9042
1144000	-119.9042
1145000	-119.9042
1146000	-120.0072
1147000	-120.0072
1148000	-120.0072
1149000	-120.5172
1150000	-120.5172
1160000	-120.6462
1170000	-120.9922
1180000	-120.9882
1190000	-120.6372
1200000	-120.6032
1300000	-119.9652
1400000	-120.4982
1500000	-120.5252
1600000	-121.9812
1700000	-123.0222
1800000	-122.7182
1900000	-122.1842
2000000	-124.4522
2100000	-123.7602
2200000	-123.7052
2300000	-123.0902
2400000	-124.2042
2500000	-123.9562
2600000	-124.4272
2700000	-125.8642
2800000	-125.3982
2900000	-124.7562
3000000	-124.8562
3100000	-124.9772
3200000	-125.6732
3300000	-127.0272
3400000	-125.1322
3500000	-124.6102
3600000	-122.9692
3700000	-121.2222
3800000	-121.0862
3900000	-123.1302
4000000	-124.8732
4100000	-126.4692
4200000	-127.7232
4300000	-126.3992
4400000	-125.2192
4500000	-126.6482
4600000	-125.9142
4700000	-125.4972
4800000	-125.6462
4900000	-125.8542
5000000	-126.4362
5100000	-125.9582
5200000	-126.8852
5300000	-126.2902
5400000	-125.4352
5500000	-126.6762
5600000	-125.4202
5700000	-127.3062
5800000	-125.9872
5900000	-126.3062
6000000	-126.6282
6100000	-126.8922
6200000	-125.3362
6300000	-126.0642
6400000	-125.0592
6500000	-125.1062
6600000	-125.3102
6700000	-126.1942
6800000	-126.9192
6900000	-126.1402
7000000	-126.9232
7100000	-126.5312
7200000	-125.4742
7300000	-126.3792
7400000	-126.8402
7500000	-125.6952
7600000	-126.7362
7700000	-126.1582
7800000	-126.4492
7900000	-125.0662
8000000	-126.9892
8100000	-126.6782
8200000	-125.2932
8300000	-124.8272
8400000	-126.6952
8500000	-125.8282
8600000	-126.2942
8700000	-127.3162
8800000	-126.6472
8900000	-126.3972
9000000	-126.3922
9100000	-126.4842
9200000	-126.5882
9300000	-126.0362
9400000	-126.6172
9500000	-125.6012
9600000	-126.9292
9700000	-126.1182
9800000	-126.2742
9900000	-125.4612
10000000	-125.4342
